    D_TYPE row_template_layer1_even[INPUT_SIZE] = 
      { 1,  0,  0,  1,  0,  0,  0,  0,  0,  0,  0,  0,  0,  0, -1,  0,  0,
        1,  0,  0,  1,  0,  0,  0,  0,  0,  0,  0,  0,  0,  0,  0,  0,  0,
        0,  0,  0,  0,  0,  0,  0,  0,  0,  0,  1,  0,  0, -1, -1,  0, -1,
        0,  0,  0,  0,  0,  0,  0, -1,  0,  0,  0,  1,  0,  0,  0,  0,  0,
        0,  0,  1,  0,  0,  0,  0,  0,  0,  0,  0,  0,  0,  0,  0,  0,  0,
        0,  0,  0,  0,  0,  0,  0,  1,  0,  0,  0,  0,  0,  0,  0,  0,  0,
        0,  0,  1,  0,  0,  0,  0,  1,  0, -1,  0,  0,  1,  0, -1,  0,  0,
       -1,  0,  0,  0,  1,  0,  0,  0,  0,  0, -1,  0,  0,  0,  0,  0, -1,
        0,  0,  0,  0, -1,  1,  0,  0,  0,  0,  0,  0,  0,  0,  0,  0,  0,
        0,  0,  0,  0,  0,  0,  0,  0,  0,  1,  0,  0,  0,  0, -1,  0,  0,
        0,  0,  0, -1,  0, -1,  1,  1,  0,  0,  0, -1,  0,  0, -1,  0, -1,
        0,  0,  0,  0,  0,  0,  0,  0,  0, -1,  0,  0,  0,  1,  0,  0, -1,
        0,  0,  0,  0,  0, -1, -1,  0,  1,  0,  0,  0,  0,  0,  0,  0,  0,
        0,  0,  0,  0,  0,  0,  0,  0,  0,  0,  0,  0,  1,  0,  0,  0,  1,
        1,  0,  0,  0,  0,  0,  0,  0,  0,  0,  0,  0,  1,  1,  0,  0,  1,
        0,  0,  0,  0,  0,  0,  0,  0,  0,  0,  0,  1, -1,  0,  0,  1, -1,
        0,  0,  0,  0,  0,  0,  0,  0,  0,  0,  0,  0,  0,  0,  1,  0,  0,
        0,  0,  0,  0,  0, -1,  0,  0,  0,  0,  0,  0,  0,  0,  0,  0,  0,
       -1,  0,  0,  0, -1,  1, -1,  1,  0,  0,  1,  0,  0, -1, -1,  0,  0,
        0,  0,  1,  1,  0,  0,  1,  0,  0,  1,  0, -1,  0,  0,  0,  0,  0,
        0,  0,  0,  0,  0,  0,  0,  0,  0,  1,  0,  0,  1,  0,  0,  0,  0,
        0,  0,  0,  0,  0,  0, -1,  0, -1,  0, -1,  0,  0,  0,  0,  0,  0,
        0,  0,  0,  0,  0,  0,  0,  0,  0,  0,  1,  0,  0, -1,  0,  1,  0,
        0, -1,  0, -1,  0,  0,  0,  1,  0,  0,  0,  0,  0,  0,  0,  0,  0,
        0,  0, -1,  1,  0,  0,  0, -1,  0, -1,  0,  0,  0,  0,  0,  0, -1,
        0,  0,  0,  0, -1,  0,  0,  0,  0,  1,  0,  0,  0,  0,  0,  1,  0,
        0,  0, -1, -1,  0,  0,  0,  0,  0,  0,  0,  0,  0,  0,  0,  0,  1,
        0,  0,  0, -1,  1,  0,  0, -1,  0,  0,  0,  0,  0,  0,  0,  0,  0,
        0,  0,  1,  0,  0, -1,  0,  0,  0,  0,  0,  0, -1,  0,  0,  0,  1,
        0,  0,  0,  0,  0,  0,  0,  0,  0,  0,  0,  0,  0,  0,  0,  0,  0,
        0,  0,  0, -1, -1,  0,  0,  0,  1,  0,  0,  0,  0,  0,  0,  0,  0,
        0,  0,  0,  0,  0,  0,  0,  0,  0,  0,  0,  0,  0, -1,  0,  0,  0,
        0,  0,  0,  0,  0,  0,  0,  0,  0, -1,  1,  0,  0,  0,  0,  0,  0,
       -1,  1,  0,  0,  0,  0,  0,  0,  0,  0,  0,  0,  0,  0,  0,  0,  0,
        0,  0,  0,  0,  0, -1,  0, -1,  0,  0,  0,  0,  0,  1,  0,  0,  0,
        0,  0,  0,  0,  1,  0,  0,  0,  0,  0,  0,  0,  0,  0,  0,  0,  0,
        0,  0,  0,  0,  0,  0,  0,  0,  1,  0,  0,  0,  0,  0,  0,  0,  1,
        0,  0,  0,  0,  0,  0,  0,  1,  0,  0,  0,  0,  0,  0,  0,  0,  0,
        0,  0, -1,  0,  0,  0,  0,  0,  0,  0,  1,  0,  0,  0,  1,  1,  0,
        0,  0,  0,  0,  0,  0,  0,  0, -1,  0,  0,  0,  0,  0,  0,  0,  0,
        0,  0,  0,  0,  0,  0,  0,  0, -1,  0,  0,  0, -1,  0,  0,  0,  0,
        1,  0,  0,  0,  0,  1, -1,  0,  0, -1,  0,  0, -1, -1,  0,  0, -1,
        1,  0,  0,  0,  0,  0,  0,  0,  0,  0,  0,  0,  1,  0,  0,  0,  1,
        0,  0,  0,  0,  0,  0,  0,  0, -1,  0,  0,  0,  0,  0,  0,  0,  0,
       -1,  0,  0,  0,  0, -1,  0,  0,  0, -1,  0, -1,  0,  0,  0,  0,  1,
        0,  0,  0,  1,  0, -1,  0,  0,  0,  0,  0,  0,  0,  0,  0,  0,  1,
        0,  0,  0,  0,  0,  0,  0,  0,  0,  0,  1,  0,  0,  0, -1,  0,  1,
        0,  0,  0,  0,  0,  0,  0,  1,  0,  0,  0,  0,  1,  1,  0,  0, -1,
        0,  1,  1,  1,  0,  0,  0,  0,  0,  0,  0,  0,  0,  0,  0,  0,  0,
        0,  0,  0,  0,  0,  0, -1, -1, -1,  0,  0,  0,  1,  0,  0,  0,  0,
       -1,  0,  0,  0,  0,  1,  1,  0, -1, -1,  0,  0,  0,  0,  0,  0,  1,
        1,  0,  0,  1,  0, -1,  0,  0,  0};

    D_TYPE row_template_layer1_odd[INPUT_SIZE] = 
      { 0,  0,  0,  0,  0,  0,  0, -1,  0,  1,  0,  0, -1,  0,  0,  0,  0,
        1,  0,  0,  0,  1,  0,  0,  0,  0,  0,  0,  0,  0,  0,  0,  0,  0,
       -1,  0,  0,  0,  0,  0,  0,  0, -1,  0, -1,  0,  0, -1,  0,  0,  0,
        0,  0,  0,  0,  0,  0,  0, -1, -1,  0,  0,  0,  0, -1,  0,  0,  0,
        0,  0,  1,  0,  0,  0,  0,  0,  0,  0, -1,  1,  0,  0,  0,  0,  1,
        0,  0,  0,  0,  0,  0, -1,  0,  0,  0,  1,  0, -1, -1,  0, -1,  0,
       -1,  1,  0,  0,  0,  0, -1,  0,  0, -1,  0,  1,  0,  0, -1,  1, -1,
        0,  0,  1,  0,  0,  0,  0,  0, -1,  0, -1,  0,  0,  1, -1,  0,  0,
        0,  0,  0,  0,  1,  0,  1, -1,  0,  0,  0,  0,  0,  0,  0,  0,  0,
        0,  0,  0,  0,  0, -1,  0,  1,  0,  0,  1, -1,  0,  0,  1,  1,  1,
        0,  0,  0,  0,  0,  1,  0,  1,  1,  1,  0,  0,  0,  0,  0,  0,  0,
        1,  0,  0,  0,  0,  0,  0, -1,  0,  0,  0,  0,  0,  0,  1,  0, -1,
        0,  0,  0,  0,  0,  0,  0,  0,  0,  0,  1, -1,  1,  0,  0, -1,  0,
       -1,  0,  0,  0,  0,  0,  0,  0,  0,  0,  0,  0, -1,  0,  0,  0,  0,
        0,  0,  0,  0,  1,  0,  0,  0,  0,  0, -1,  1,  0,  0,  0,  0,  0,
       -1, -1,  0,  0, -1,  0,  0,  0,  0,  0,  0,  0,  1, -1,  0,  0,  0,
        0,  0,  0,  0, -1,  0,  0,  0,  0,  0,  1,  0,  0,  0,  1,  0,  0,
        0,  0,  0, -1,  0, -1,  0,  0,  0,  0,  1, -1,  0,  0,  0,  0,  0,
        0,  0,  0,  0,  0,  0,  0,  0,  0,  0,  0,  0,  0,  0,  0,  0,  0,
        0,  0,  1,  0,  0,  0,  1,  0, -1,  0,  0,  1,  1,  0,  0,  0,  0,
        0,  1,  0,  0,  0,  0,  0,  0,  1,  0,  1,  0, -1,  1,  0,  1, -1,
        0,  0,  0,  0,  0,  0,  0,  0,  0,  0,  0,  1,  0,  0,  0,  0,  0,
        0,  0,  0,  0,  0, -1,  0,  0,  0,  0,  0,  1,  0,  0,  0,  1,  0,
        1,  0,  0,  0,  0,  1,  0,  0, -1,  0,  0,  0,  1,  0,  0,  0,  0,
        0,  0,  1,  0,  0,  0,  0,  1,  0,  0,  0,  0,  0, -1,  0,  0,  0,
        1,  0,  0,  0,  0,  0,  0,  0, -1,  0, -1,  0,  0,  0,  0,  0,  0,
       -1,  0,  0,  0,  1,  0,  0,  0,  0,  0,  0,  0,  0,  0,  0, -1,  0,
        0,  0,  0,  0,  1, -1,  0,  0,  0,  0, -1,  0,  0,  0,  0,  0,  0,
        0,  0,  0, -1,  0,  0,  0,  0,  0,  1,  0,  0,  0,  0,  0,  0,  0,
        0,  0,  0,  0,  0,  0,  0, -1,  0,  0,  0,  0,  0, -1,  0,  0, -1,
        0,  0,  0,  0, -1,  0, -1,  0,  0,  0,  0,  0,  0,  0,  1,  0,  0,
        1,  0,  0,  0, -1,  0,  0,  0,  0, -1, -1,  0,  1,  1,  0,  0, -1,
        0,  0,  0,  1,  0,  0,  0,  0, -1,  0, -1,  0,  0,  0,  0,  0,  1,
        0,  0,  0,  0,  0,  1,  0,  0,  1,  0,  0,  0, -1,  1, -1,  0,  0,
        0,  0,  0,  0,  0,  1,  1,  0, -1, -1,  0,  0,  0,  0, -1,  1,  0,
        0,  0,  0,  1,  0,  0,  0,  0,  0,  0,  0, -1,  1,  0, -1,  0,  0,
        0, -1,  0,  0,  0,  0,  0,  0,  0,  0,  0,  0, -1,  0,  0,  0,  0,
        0,  0,  1,  0,  0,  0,  0,  0,  0,  0,  1,  0, -1, -1,  0,  0,  0,
        0,  0,  0,  0,  0,  0,  0, -1,  0,  0,  0,  0,  0,  0,  0,  1,  0,
        0,  0,  0,  0,  0,  0, -1,  0,  0,  0, -1,  0,  0,  0, -1,  0,  0,
        1,  0,  0,  0,  0,  0,  0,  0,  1,  0,  0,  0,  0,  0,  0,  0,  0,
        0, -1,  0,  0,  0, -1, -1,  0,  0, -1,  0,  0,  0,  1,  0,  1,  0,
        0,  0,  0,  0, -1,  0,  0,  0,  0,  0,  0,  0,  0,  0, -1,  0,  0,
        0,  0,  1,  0,  0,  0,  1,  0,  0,  1, -1, -1,  0,  0, -1,  0,  1,
        0,  0,  0,  0,  0,  1,  0,  0,  0,  0,  0,  0, -1,  0,  0,  0,  1,
        0,  0,  0,  0,  0,  0,  0,  0,  0, -1, -1,  0,  0,  0,  0,  0,  0,
        0,  0,  0,  1, -1,  0,  0,  0,  1, -1,  0,  1,  0,  1,  0,  0,  0,
        0,  0,  0,  0,  0,  0,  0,  0,  0,  0, -1,  0,  0,  0,  0,  0,  0,
        0,  0,  0,  0,  0,  0, -1,  0,  0, -1,  0,  0, -1,  0,  0,  0,  0,
        1,  0,  1,  0, -1,  0,  0,  0,  0,  0,  0,  0,  0, -1,  0,  0,  0,
        1,  0,  0,  1,  1, -1,  0,  1,  0,  0,  0,  0,  0,  0, -1,  0,  0,
        0,  1,  0,  0, -1,  0,  1,  0, -1};

    D_TYPE row_template_layer2_even[HIDDEN_SIZE1] = 
      { 1,  0,  0,  1,  0,  0,  0,  0,  0,  0,  0,  0,  0,  0, -1,  0,  0,
        1,  0,  0,  1,  0,  0,  0,  0,  0,  0,  0,  0,  0,  0,  0,  0,  0,
        0,  0,  0,  0,  0,  0,  0,  0,  0,  0,  1,  0,  0, -1, -1,  0, -1,
        0,  0,  0,  0,  0,  0,  0, -1,  0,  0,  0,  1,  0,  0,  0,  0,  0,
        0,  0,  1,  0,  0,  0,  0,  0,  0,  0,  0,  0,  0,  0,  0,  0,  0,
        0,  0,  0,  0,  0,  0,  0,  1,  0,  0,  0,  0,  0,  0,  0,  0,  0,
        0,  0,  1,  0,  0,  0,  0,  1,  0, -1,  0,  0,  1,  0, -1,  0,  0,
       -1,  0,  0,  0,  1,  0,  0,  0,  0,  0, -1,  0,  0,  0,  0,  0, -1,
        0,  0,  0,  0, -1,  1,  0,  0,  0,  0,  0,  0,  0,  0,  0,  0,  0,
        0,  0,  0,  0,  0,  0,  0,  0,  0,  1,  0,  0,  0,  0, -1,  0,  0,
        0,  0,  0, -1,  0, -1,  1,  1,  0,  0,  0, -1,  0,  0, -1,  0, -1,
        0,  0,  0,  0,  0,  0,  0,  0,  0, -1,  0,  0,  0,  1,  0,  0, -1,
        0,  0,  0,  0,  0, -1, -1,  0,  1,  0,  0,  0,  0,  0,  0,  0,  0,
        0,  0,  0,  0,  0,  0,  0,  0,  0,  0,  0,  0,  1,  0,  0,  0,  1,
        1,  0,  0,  0,  0,  0,  0,  0,  0,  0,  0,  0,  1,  1,  0,  0,  1,
        0,  0,  0,  0,  0,  0,  0,  0,  0,  0,  0,  1, -1,  0,  0,  1, -1,
        0,  0,  0,  0,  0,  0,  0,  0,  0,  0,  0,  0,  0,  0,  1,  0,  0,
        0,  0,  0,  0,  0, -1,  0,  0,  0,  0,  0,  0,  0,  0,  0,  0,  0,
       -1,  0,  0,  0, -1,  1, -1,  1,  0,  0,  1,  0,  0, -1, -1,  0,  0,
        0,  0,  1,  1,  0,  0,  1,  0,  0,  1,  0, -1,  0,  0,  0,  0,  0,
        0,  0,  0,  0,  0,  0,  0,  0,  0,  1,  0,  0,  1,  0,  0,  0,  0,
        0,  0,  0,  0,  0,  0, -1,  0, -1,  0, -1,  0,  0,  0,  0,  0,  0,
        0,  0,  0,  0,  0,  0,  0,  0,  0,  0,  1,  0,  0, -1,  0,  1,  0,
        0, -1,  0, -1,  0,  0,  0,  1,  0,  0,  0,  0,  0,  0,  0,  0,  0,
        0,  0, -1,  1,  0,  0,  0, -1,  0, -1,  0,  0,  0,  0,  0,  0, -1,
        0,  0,  0,  0, -1,  0,  0,  0,  0,  1,  0,  0,  0,  0,  0,  1,  0,
        0,  0, -1, -1,  0,  0,  0,  0,  0,  0,  0,  0,  0,  0,  0,  0,  1,
        0,  0,  0, -1,  1,  0,  0, -1,  0,  0,  0,  0,  0,  0,  0,  0,  0,
        0,  0,  1,  0,  0, -1,  0,  0,  0,  0,  0,  0, -1,  0,  0,  0,  1,
        0,  0,  0,  0,  0,  0,  0,  0,  0,  0,  0,  0,  0,  0,  0,  0,  0,
        0,  0,  0, -1, -1,  0,  0,  0,  1,  0,  0,  0,  0,  0,  0,  0,  0,
        0,  0,  0,  0,  0,  0,  0,  0,  0,  0,  0,  0,  0, -1,  0,  0,  0,
        0,  0,  0,  0,  0,  0,  0,  0,  0, -1,  1,  0,  0,  0,  0,  0,  0,
       -1,  1,  0,  0,  0,  0,  0,  0,  0,  0,  0,  0,  0,  0,  0,  0,  0,
        0,  0,  0,  0,  0, -1,  0, -1,  0,  0,  0,  0,  0,  1,  0,  0,  0,
        0,  0,  0,  0,  1,  0,  0,  0,  0,  0,  0,  0,  0,  0,  0,  0,  0,
        0,  0,  0,  0,  0,  0,  0,  0,  1,  0,  0,  0,  0,  0,  0,  0,  1,
        0,  0,  0,  0,  0,  0,  0,  1,  0,  0,  0,  0,  0,  0,  0,  0,  0,
        0,  0, -1,  0,  0,  0,  0,  0,  0,  0,  1,  0,  0,  0,  1,  1,  0,
        0,  0,  0,  0,  0,  0,  0,  0, -1,  0,  0,  0,  0,  0,  0,  0,  0,
        0,  0,  0,  0,  0,  0,  0,  0, -1,  0,  0,  0, -1,  0,  0,  0,  0,
        1,  0,  0,  0,  0,  1, -1,  0,  0, -1,  0,  0, -1, -1,  0,  0, -1,
        1,  0,  0,  0,  0,  0,  0,  0,  0,  0,  0,  0,  1,  0,  0,  0,  1,
        0,  0,  0,  0,  0,  0,  0,  0, -1,  0,  0,  0,  0,  0,  0,  0,  0,
       -1,  0,  0,  0,  0, -1,  0,  0,  0, -1,  0, -1,  0,  0,  0,  0,  1,
        0,  0,  0,  1,  0, -1,  0,  0,  0,  0,  0,  0,  0,  0,  0,  0,  1,
        0,  0,  0,  0,  0,  0,  0,  0,  0,  0,  1,  0,  0,  0, -1,  0,  1,
        0,  0,  0,  0,  0,  0,  0,  1,  0,  0,  0,  0,  1,  1,  0,  0, -1,
        0,  1,  1,  1,  0,  0,  0,  0,  0,  0,  0,  0,  0,  0,  0,  0,  0,
        0,  0,  0,  0,  0,  0, -1, -1, -1,  0,  0,  0,  1,  0,  0,  0,  0,
       -1,  0,  0,  0,  0,  1,  1,  0, -1, -1,  0,  0,  0,  0,  0,  0,  1,
        1,  0,  0,  1,  0, -1,  0,  0,  0,  1,  0,  0,  0,  0,  0,  0,  0,
        1,  0,  0,  0, -1,  0,  0,  0,  0,  1,  0,  1,  0, -1,  0,  0, -1,
        0,  0,  1,  0,  0,  0,  0,  0, -1, -1,  0,  1,  0,  0, -1,  1,  0,
        0,  0, -1,  0, -1,  0,  0,  0,  1,  1,  0,  0,  0,  1,  0, -1,  1,
        0,  0,  0,  1,  0,  0, -1,  1,  0,  0,  0,  0, -1,  0,  1,  0,  1,
        0,  0,  0,  1,  1,  0,  0,  0,  0,  0,  1,  0,  0,  0,  1,  0, -1,
        0,  0,  0,  0,  1, -1,  0,  0,  1,  1,  0,  0,  1,  0, -1, -1,  0,
       -1,  0,  0,  0,  1,  0,  0,  0,  1,  0,  0,  0,  0,  0,  0,  0,  0,
        0,  1,  0,  0,  0,  1,  0,  0,  0,  0,  1,  0, -1,  0,  0,  0, -1,
        0,  1,  0,  0};

    D_TYPE row_template_layer2_odd[HIDDEN_SIZE1] = 
      { 0,  0,  0,  0,  0,  0,  0, -1,  0,  1,  0,  0, -1,  0,  0,  0,  0,
        1,  0,  0,  0,  1,  0,  0,  0,  0,  0,  0,  0,  0,  0,  0,  0,  0,
       -1,  0,  0,  0,  0,  0,  0,  0, -1,  0, -1,  0,  0, -1,  0,  0,  0,
        0,  0,  0,  0,  0,  0,  0, -1, -1,  0,  0,  0,  0, -1,  0,  0,  0,
        0,  0,  1,  0,  0,  0,  0,  0,  0,  0, -1,  1,  0,  0,  0,  0,  1,
        0,  0,  0,  0,  0,  0, -1,  0,  0,  0,  1,  0, -1, -1,  0, -1,  0,
       -1,  1,  0,  0,  0,  0, -1,  0,  0, -1,  0,  1,  0,  0, -1,  1, -1,
        0,  0,  1,  0,  0,  0,  0,  0, -1,  0, -1,  0,  0,  1, -1,  0,  0,
        0,  0,  0,  0,  1,  0,  1, -1,  0,  0,  0,  0,  0,  0,  0,  0,  0,
        0,  0,  0,  0,  0, -1,  0,  1,  0,  0,  1, -1,  0,  0,  1,  1,  1,
        0,  0,  0,  0,  0,  1,  0,  1,  1,  1,  0,  0,  0,  0,  0,  0,  0,
        1,  0,  0,  0,  0,  0,  0, -1,  0,  0,  0,  0,  0,  0,  1,  0, -1,
        0,  0,  0,  0,  0,  0,  0,  0,  0,  0,  1, -1,  1,  0,  0, -1,  0,
       -1,  0,  0,  0,  0,  0,  0,  0,  0,  0,  0,  0, -1,  0,  0,  0,  0,
        0,  0,  0,  0,  1,  0,  0,  0,  0,  0, -1,  1,  0,  0,  0,  0,  0,
       -1, -1,  0,  0, -1,  0,  0,  0,  0,  0,  0,  0,  1, -1,  0,  0,  0,
        0,  0,  0,  0, -1,  0,  0,  0,  0,  0,  1,  0,  0,  0,  1,  0,  0,
        0,  0,  0, -1,  0, -1,  0,  0,  0,  0,  1, -1,  0,  0,  0,  0,  0,
        0,  0,  0,  0,  0,  0,  0,  0,  0,  0,  0,  0,  0,  0,  0,  0,  0,
        0,  0,  1,  0,  0,  0,  1,  0, -1,  0,  0,  1,  1,  0,  0,  0,  0,
        0,  1,  0,  0,  0,  0,  0,  0,  1,  0,  1,  0, -1,  1,  0,  1, -1,
        0,  0,  0,  0,  0,  0,  0,  0,  0,  0,  0,  1,  0,  0,  0,  0,  0,
        0,  0,  0,  0,  0, -1,  0,  0,  0,  0,  0,  1,  0,  0,  0,  1,  0,
        1,  0,  0,  0,  0,  1,  0,  0, -1,  0,  0,  0,  1,  0,  0,  0,  0,
        0,  0,  1,  0,  0,  0,  0,  1,  0,  0,  0,  0,  0, -1,  0,  0,  0,
        1,  0,  0,  0,  0,  0,  0,  0, -1,  0, -1,  0,  0,  0,  0,  0,  0,
       -1,  0,  0,  0,  1,  0,  0,  0,  0,  0,  0,  0,  0,  0,  0, -1,  0,
        0,  0,  0,  0,  1, -1,  0,  0,  0,  0, -1,  0,  0,  0,  0,  0,  0,
        0,  0,  0, -1,  0,  0,  0,  0,  0,  1,  0,  0,  0,  0,  0,  0,  0,
        0,  0,  0,  0,  0,  0,  0, -1,  0,  0,  0,  0,  0, -1,  0,  0, -1,
        0,  0,  0,  0, -1,  0, -1,  0,  0,  0,  0,  0,  0,  0,  1,  0,  0,
        1,  0,  0,  0, -1,  0,  0,  0,  0, -1, -1,  0,  1,  1,  0,  0, -1,
        0,  0,  0,  1,  0,  0,  0,  0, -1,  0, -1,  0,  0,  0,  0,  0,  1,
        0,  0,  0,  0,  0,  1,  0,  0,  1,  0,  0,  0, -1,  1, -1,  0,  0,
        0,  0,  0,  0,  0,  1,  1,  0, -1, -1,  0,  0,  0,  0, -1,  1,  0,
        0,  0,  0,  1,  0,  0,  0,  0,  0,  0,  0, -1,  1,  0, -1,  0,  0,
        0, -1,  0,  0,  0,  0,  0,  0,  0,  0,  0,  0, -1,  0,  0,  0,  0,
        0,  0,  1,  0,  0,  0,  0,  0,  0,  0,  1,  0, -1, -1,  0,  0,  0,
        0,  0,  0,  0,  0,  0,  0, -1,  0,  0,  0,  0,  0,  0,  0,  1,  0,
        0,  0,  0,  0,  0,  0, -1,  0,  0,  0, -1,  0,  0,  0, -1,  0,  0,
        1,  0,  0,  0,  0,  0,  0,  0,  1,  0,  0,  0,  0,  0,  0,  0,  0,
        0, -1,  0,  0,  0, -1, -1,  0,  0, -1,  0,  0,  0,  1,  0,  1,  0,
        0,  0,  0,  0, -1,  0,  0,  0,  0,  0,  0,  0,  0,  0, -1,  0,  0,
        0,  0,  1,  0,  0,  0,  1,  0,  0,  1, -1, -1,  0,  0, -1,  0,  1,
        0,  0,  0,  0,  0,  1,  0,  0,  0,  0,  0,  0, -1,  0,  0,  0,  1,
        0,  0,  0,  0,  0,  0,  0,  0,  0, -1, -1,  0,  0,  0,  0,  0,  0,
        0,  0,  0,  1, -1,  0,  0,  0,  1, -1,  0,  1,  0,  1,  0,  0,  0,
        0,  0,  0,  0,  0,  0,  0,  0,  0,  0, -1,  0,  0,  0,  0,  0,  0,
        0,  0,  0,  0,  0,  0, -1,  0,  0, -1,  0,  0, -1,  0,  0,  0,  0,
        1,  0,  1,  0, -1,  0,  0,  0,  0,  0,  0,  0,  0, -1,  0,  0,  0,
        1,  0,  0,  1,  1, -1,  0,  1,  0,  0,  0,  0,  0,  0, -1,  0,  0,
        0,  1,  0,  0, -1,  0,  1,  0, -1,  0,  0,  0,  0,  0,  0,  0,  0,
        0, -1,  0,  0,  0,  0, -1,  0,  0,  0,  0,  0, -1,  1,  0,  1,  0,
        0,  0,  0,  1,  0,  1,  0,  0,  0, -1,  1,  0,  0,  0,  0,  0,  0,
        0,  0,  0,  0,  0,  0,  0,  0,  1,  0,  0,  0,  0,  0,  0,  0, -1,
        0,  0,  0,  0,  0,  0,  0,  0,  0,  0,  0,  0,  0,  0,  0,  0,  0,
        1,  0,  0,  0,  1,  0,  0,  0,  0,  0, -1,  0,  1,  0,  0,  0,  1,
        0,  0,  1,  0,  0,  1,  0,  0,  0,  0,  0,  0,  0, -1,  0,  0,  0,
        0,  1, -1, -1,  0,  1,  0,  0,  1,  0,  0,  0,  0,  0,  0,  0,  0,
        0,  0,  0,  0,  0,  0,  0,  0,  0,  0,  0,  1,  0,  1,  0,  0,  0,
        0,  0,  0,  0};

    D_TYPE row_template_layer3_even[HIDDEN_SIZE2] = 
      { 1,  0,  0,  1,  0,  0,  0,  0,  0,  0,  0,  0,  0,  0, -1,  0,  0,
        1,  0,  0,  1,  0,  0,  0,  0,  0,  0,  0,  0,  0,  0,  0,  0,  0,
        0,  0,  0,  0,  0,  0,  0,  0,  0,  0,  1,  0,  0, -1, -1,  0, -1,
        0,  0,  0,  0,  0,  0,  0, -1,  0,  0,  0,  1,  0,  0,  0,  0,  0,
        0,  0,  1,  0,  0,  0,  0,  0,  0,  0,  0,  0,  0,  0,  0,  0,  0,
        0,  0,  0,  0,  0,  0,  0,  1,  0,  0,  0,  0,  0,  0,  0,  0,  0,
        0,  0,  1,  0,  0,  0,  0,  1,  0, -1,  0,  0,  1,  0, -1,  0,  0,
       -1,  0,  0,  0,  1,  0,  0,  0,  0,  0, -1,  0,  0,  0,  0,  0, -1,
        0,  0,  0,  0, -1,  1,  0,  0,  0,  0,  0,  0,  0,  0,  0,  0,  0,
        0,  0,  0,  0,  0,  0,  0,  0,  0,  1,  0,  0,  0,  0, -1,  0,  0,
        0,  0,  0, -1,  0, -1,  1,  1,  0,  0,  0, -1,  0,  0, -1,  0, -1,
        0,  0,  0,  0,  0,  0,  0,  0,  0, -1,  0,  0,  0,  1,  0,  0, -1,
        0,  0,  0,  0,  0, -1, -1,  0,  1,  0,  0,  0,  0,  0,  0,  0,  0,
        0,  0,  0,  0,  0,  0,  0,  0,  0,  0,  0,  0,  1,  0,  0,  0,  1,
        1,  0,  0,  0,  0,  0,  0,  0,  0,  0,  0,  0,  1,  1,  0,  0,  1,
        0,  0,  0,  0,  0,  0,  0,  0,  0,  0,  0,  1, -1,  0,  0,  1, -1,
        0,  0,  0,  0,  0,  0,  0,  0,  0,  0,  0,  0,  0,  0,  1,  0,  0,
        0,  0,  0,  0,  0, -1,  0,  0,  0,  0,  0,  0,  0,  0,  0,  0,  0,
       -1,  0,  0,  0, -1,  1, -1,  1,  0,  0,  1,  0,  0, -1, -1,  0,  0,
        0,  0,  1,  1,  0,  0,  1,  0,  0,  1,  0, -1,  0,  0,  0,  0,  0,
        0,  0,  0,  0,  0,  0,  0,  0,  0,  1,  0,  0,  1,  0,  0,  0,  0,
        0,  0,  0,  0,  0,  0, -1,  0, -1,  0, -1,  0,  0,  0,  0,  0,  0,
        0,  0,  0,  0,  0,  0,  0,  0,  0,  0,  1,  0,  0, -1,  0,  1,  0,
        0, -1,  0, -1,  0,  0,  0,  1,  0,  0,  0,  0,  0,  0,  0,  0,  0,
        0,  0, -1,  1,  0,  0,  0, -1,  0, -1,  0,  0,  0,  0,  0,  0, -1,
        0,  0,  0,  0, -1,  0,  0,  0,  0,  1,  0,  0,  0,  0,  0,  1,  0,
        0,  0, -1, -1,  0,  0,  0,  0,  0,  0,  0,  0,  0,  0,  0,  0,  1,
        0,  0,  0, -1,  1,  0,  0, -1,  0,  0,  0,  0,  0,  0,  0,  0,  0,
        0,  0,  1,  0,  0, -1,  0,  0,  0,  0,  0,  0, -1,  0,  0,  0,  1,
        0,  0,  0,  0,  0,  0,  0,  0,  0,  0,  0,  0,  0,  0,  0,  0,  0,
        0,  0};

    D_TYPE row_template_layer3_odd[HIDDEN_SIZE2] = 
      { 0,  0,  0,  0,  0,  0,  0, -1,  0,  1,  0,  0, -1,  0,  0,  0,  0,
        1,  0,  0,  0,  1,  0,  0,  0,  0,  0,  0,  0,  0,  0,  0,  0,  0,
       -1,  0,  0,  0,  0,  0,  0,  0, -1,  0, -1,  0,  0, -1,  0,  0,  0,
        0,  0,  0,  0,  0,  0,  0, -1, -1,  0,  0,  0,  0, -1,  0,  0,  0,
        0,  0,  1,  0,  0,  0,  0,  0,  0,  0, -1,  1,  0,  0,  0,  0,  1,
        0,  0,  0,  0,  0,  0, -1,  0,  0,  0,  1,  0, -1, -1,  0, -1,  0,
       -1,  1,  0,  0,  0,  0, -1,  0,  0, -1,  0,  1,  0,  0, -1,  1, -1,
        0,  0,  1,  0,  0,  0,  0,  0, -1,  0, -1,  0,  0,  1, -1,  0,  0,
        0,  0,  0,  0,  1,  0,  1, -1,  0,  0,  0,  0,  0,  0,  0,  0,  0,
        0,  0,  0,  0,  0, -1,  0,  1,  0,  0,  1, -1,  0,  0,  1,  1,  1,
        0,  0,  0,  0,  0,  1,  0,  1,  1,  1,  0,  0,  0,  0,  0,  0,  0,
        1,  0,  0,  0,  0,  0,  0, -1,  0,  0,  0,  0,  0,  0,  1,  0, -1,
        0,  0,  0,  0,  0,  0,  0,  0,  0,  0,  1, -1,  1,  0,  0, -1,  0,
       -1,  0,  0,  0,  0,  0,  0,  0,  0,  0,  0,  0, -1,  0,  0,  0,  0,
        0,  0,  0,  0,  1,  0,  0,  0,  0,  0, -1,  1,  0,  0,  0,  0,  0,
       -1, -1,  0,  0, -1,  0,  0,  0,  0,  0,  0,  0,  1, -1,  0,  0,  0,
        0,  0,  0,  0, -1,  0,  0,  0,  0,  0,  1,  0,  0,  0,  1,  0,  0,
        0,  0,  0, -1,  0, -1,  0,  0,  0,  0,  1, -1,  0,  0,  0,  0,  0,
        0,  0,  0,  0,  0,  0,  0,  0,  0,  0,  0,  0,  0,  0,  0,  0,  0,
        0,  0,  1,  0,  0,  0,  1,  0, -1,  0,  0,  1,  1,  0,  0,  0,  0,
        0,  1,  0,  0,  0,  0,  0,  0,  1,  0,  1,  0, -1,  1,  0,  1, -1,
        0,  0,  0,  0,  0,  0,  0,  0,  0,  0,  0,  1,  0,  0,  0,  0,  0,
        0,  0,  0,  0,  0, -1,  0,  0,  0,  0,  0,  1,  0,  0,  0,  1,  0,
        1,  0,  0,  0,  0,  1,  0,  0, -1,  0,  0,  0,  1,  0,  0,  0,  0,
        0,  0,  1,  0,  0,  0,  0,  1,  0,  0,  0,  0,  0, -1,  0,  0,  0,
        1,  0,  0,  0,  0,  0,  0,  0, -1,  0, -1,  0,  0,  0,  0,  0,  0,
       -1,  0,  0,  0,  1,  0,  0,  0,  0,  0,  0,  0,  0,  0,  0, -1,  0,
        0,  0,  0,  0,  1, -1,  0,  0,  0,  0, -1,  0,  0,  0,  0,  0,  0,
        0,  0,  0, -1,  0,  0,  0,  0,  0,  1,  0,  0,  0,  0,  0,  0,  0,
        0,  0,  0,  0,  0,  0,  0, -1,  0,  0,  0,  0,  0, -1,  0,  0, -1,
        0,  0};

    D_TYPE row_template_layer_out[HIDDEN_SIZE3] = 
      { 1,  0,  0,  1,  0,  0,  0,  0,  0,  0,  0,  0,  0,  0, -1,  0,  0,
        1,  0,  0,  1,  0,  0,  0,  0,  0,  0,  0,  0,  0,  0,  0,  0,  0,
        0,  0,  0,  0,  0,  0,  0,  0,  0,  0,  1,  0,  0, -1, -1,  0, -1,
        0,  0,  0,  0,  0,  0,  0, -1,  0,  0,  0,  1,  0,  0,  0,  0,  0,
        0,  0,  1,  0,  0,  0,  0,  0,  0,  0,  0,  0,  0,  0,  0,  0,  0,
        0,  0,  0,  0,  0,  0,  0,  1,  0,  0,  0,  0,  0,  0,  0,  0,  0,
        0,  0,  1,  0,  0,  0,  0,  1,  0, -1,  0,  0,  1,  0, -1,  0,  0,
       -1,  0,  0,  0,  1,  0,  0,  0,  0,  0, -1,  0,  0,  0,  0,  0, -1,
        0,  0,  0,  0, -1,  1,  0,  0,  0,  0,  0,  0,  0,  0,  0,  0,  0,
        0,  0,  0,  0,  0,  0,  0,  0,  0,  1,  0,  0,  0,  0, -1,  0,  0,
        0,  0,  0, -1,  0, -1,  1,  1,  0,  0,  0, -1,  0,  0, -1,  0, -1,
        0,  0,  0,  0,  0,  0,  0,  0,  0, -1,  0,  0,  0,  1,  0,  0, -1,
        0,  0,  0,  0,  0, -1, -1,  0,  1,  0,  0,  0,  0,  0,  0,  0,  0,
        0,  0,  0,  0,  0,  0,  0,  0,  0,  0,  0,  0,  1,  0,  0,  0,  1,
        1,  0,  0,  0,  0,  0,  0,  0,  0,  0,  0,  0,  1,  1,  0,  0,  1,
        0};